0.0150000000000000 34.1635038861000027 0.1614528565490000
0.0150000000000000 34.3797728047000035 0.2173485347010000
0.0150000000000000 34.1114109642999992 0.2133888699770000
0.0150270427632000 33.9501915023000009 0.1781170240830000
0.0151000000000000 34.5258752881000035 0.2136821605310000
0.0151660000000000 34.1016666152000028 0.2152393407320000
0.0152000000000000 34.0169042989000019 0.2150712311700000
0.0152000000000000 34.2583697939000018 0.2414748622590000
0.0153000000000000 34.7071857289000008 0.2132428960740000
0.0154363000000000 33.9409483971000014 0.1486941096480000
0.0160000000000000 34.1740153937999978 0.2211153746880000
0.0160000000000000 33.8246088880000002 0.2079597031850000
0.0163000000000000 34.4532529120000035 0.2128910427170000
0.0163210000000000 34.0174211141000029 0.2049650742680000
0.0163456410000000 34.0440277752000000 0.1429129313640000
0.0164500000000000 34.1812962858000020 0.2508965602480000
0.0165590000000000 34.3438338070999976 0.2511774964910000
0.0167300000000000 34.2263371692000007 0.2094646703110000
0.0167430000000000 34.0027278025999991 0.2483851255260000
0.0169910000000000 34.3787718072999979 0.3098898109730000
0.0171730000000000 34.2606714572999991 0.2482160093650000
0.0172270000000000 34.6543699503000013 0.1993371795590000
0.0173000000000000 34.2497347985000005 0.2155084996240000
0.0173000000000000 34.2300660446000009 0.2209944740030000
0.0176050000000000 34.3437956957000026 0.2716506448190000
0.0179312833626000 34.3498200026999996 0.1554139405740000
0.0183152320362000 34.3717548995999991 0.1604649264060000
0.0187000000000000 35.0482998471999991 0.1971967892140000
0.0189000000000000 34.3747016598999977 0.2095716301960000
0.0192000000000000 34.4915623332000010 0.1970916479430000
0.0192000000000000 34.7366784514000031 0.1978428812650000
0.0192640000000000 34.9526137319000014 0.2406338169500000
0.0195000000000000 34.7569116800000018 0.1975261880930000
0.0195990000000000 34.5852174312000002 0.1846912196870000
0.0203747245299000 34.6564438472999967 0.1456033499440000
0.0205000000000000 34.6172800694999978 0.1914127434440000
0.0208000000000000 34.7954563656999980 0.2016294054010000
0.0209000000000000 34.7028984995000016 0.1942269351500000
0.0211000000000000 34.6607182425999980 0.1883933676690000
0.0212000000000000 34.8471345313000000 0.1915297221100000
0.0215000000000000 34.9327363282000007 0.1870408179650000
0.0217930000000000 34.9737868711999980 0.2324493829540000
0.0219000000000000 34.8489904807999977 0.1883871842640000
0.0219800059146000 34.8529733574000034 0.1875447643580000
0.0221000000000000 34.9115497582000032 0.1899606828390000
0.0221000000000000 34.9221291018000031 0.1890147562950000
0.0224000000000000 34.9470872022000023 0.2390113692580000
0.0229000000000000 35.1968671676999989 0.1854590752640000
0.0229000000000000 35.1386260701999973 0.1830180399490000
0.0229711675782000 35.1338829509999968 0.1356409260410000
0.0230000000000000 35.0706425047999986 0.1868483849790000
0.0232080000000000 35.0855427174000027 0.2314796048330000
0.0233000000000000 34.8821286745000023 0.1834246850880000
0.0233000000000000 35.1983574194999989 0.1857385754560000
0.0235360000000000 35.1695990887999983 0.2346982016290000
0.0239000000000000 35.0349741436000031 0.1813924172080000
0.0239530000000000 34.9687103775000026 0.1070411971950000
0.0240000000000000 35.1761857794000008 0.1955126744360000
0.0241852990802000 35.0523242749999966 0.1333686221180000
0.0242000000000000 35.1893805829000001 0.1801749163430000
0.0243140000000000 35.1094950645000026 0.1816627063070000
0.0245250000000000 35.0581706648999969 0.1024385043450000
0.0247000000000000 34.9136928276999967 0.1816210115980000
0.0248000000000000 35.2561775084000004 0.1846053027960000
0.0249000000000000 34.8037070765999985 0.1935239241650000
0.0251000000000000 34.9482752366999989 0.1792227003360000
0.0255000000000000 35.7201731358999979 0.1961673021120000
0.0256000000000000 35.6847217931999978 0.1861738919690000
0.0259000000000000 35.4159686901000015 0.1784896588230000
0.0260000000000000 35.3812932275999970 0.1839336651170000
0.0260380000000000 35.3672620681999987 0.1084997921590000
0.0261000000000000 35.3604177873000012 0.1924695617140000
0.0264890000000000 35.4806851992999981 0.1913122697400000
0.0266000000000000 35.3234935897000000 0.1777168364280000
0.0268091974805000 35.2601505395000032 0.1278795957030000
0.0273420000000000 35.0857656929999990 0.1755108359470000
0.0275000000000000 35.6497059081999979 0.1763646889580000
0.0275687259109000 35.4754718132000022 0.1281179830880000
0.0277000000000000 35.7050037726000014 0.1832987350510000
0.0278650000000000 35.0933783282999983 0.2224264166340000
0.0283000000000000 35.5202699542000033 0.1801244458380000
0.0283960268116000 35.5481484693999974 0.1251988817190000
0.0284880000000000 35.3465833927999995 0.2239059329980000
0.0292000000000000 35.9925667846000010 0.1748201076350000
0.0298021369010000 35.4709217103999990 0.1222268178740000
0.0299550000000000 35.9722578275000018 0.2243685517680000
0.0303000000000000 35.6282613468999969 0.1767473862600000
0.0305290000000000 35.5992457186000024 0.0887506637090000
0.0306040000000000 35.5502377593999981 0.1732954441420000
0.0308000000000000 35.5935042222999982 0.1724930844230000
0.0308000000000000 35.7791362444000001 0.1733100045960000
0.0308000000000000 35.6289808081999979 0.1783704443180000
0.0309000000000000 35.9294728801000005 0.1836892962620000
0.0312000000000000 35.8828585621999991 0.1737624630240000
0.0312000000000000 35.6268097645999973 0.1802166974190000
0.0315000000000000 35.6511363429999975 0.1709935237450000
0.0315280000000000 35.7287687764000026 0.2253624888450000
0.0320000000000000 35.8266913419000019 0.1931046916620000
0.0320000000000000 35.5884973240999969 0.1734463109360000
0.0321000000000000 35.6480768334999993 0.1750254227390000
0.0321000000000000 35.8959945722000029 0.1738451598320000
0.0321000000000000 35.8703618341999970 0.1737410077000000
0.0321340168614000 35.3781278853000032 0.1275120901160000
0.0325000000000000 35.8130914150999971 0.1703947358960000
0.0327000000000000 36.0941672132999969 0.1694923050400000
0.0329000000000000 35.9417685427999984 0.1703931758960000
0.0329123710881000 35.9678520172999967 0.1181143241210000
0.0334000000000000 35.8799403014999996 0.1757727334000000
0.0335000000000000 35.9738325392999982 0.1704902516130000
0.0336000000000000 36.0053945506999966 0.1885204736300000
0.0337000000000000 35.8436933158999977 0.1797374535970000
0.0341000000000000 35.7704747639999994 0.1775691407960000
0.0341000000000000 35.9425408413000014 0.1728345915420000
0.0341000000000000 35.8419046981000022 0.1752224617070000
0.0345000000000000 35.9782444841999975 0.2115624742490000
0.0357200000000000 35.9605406407000032 0.1711869873630000
0.0360000000000000 35.6792596820000014 0.1790221224060000
0.0360000000000000 36.1462988609999982 0.1770003639650000
0.0360000000000000 35.8210170957000003 0.1678852495410000
0.0362000000000000 35.9868705997999996 0.1717422040680000
0.0364570000000000 36.1342331255999980 0.2176285883820000
0.0364800000000000 35.9053219652000024 0.1701749528450000
0.0366000000000000 35.9712906538999988 0.1689636879470000
0.0377000000000000 35.7952144325000035 0.2941065606120000
0.0393000000000000 36.3343950148999966 0.0991005283825000
0.0402000000000000 36.3745330785000007 0.1706373495800000
0.0406000000000000 36.3656351257000026 0.1723173448410000
0.0421000000000000 36.4004650274999975 0.1699304174710000
0.0422330000000000 36.3364595482999988 0.1671740423380000
0.0423000000000000 36.3928258959999980 0.1715821967020000
0.0425000000000000 35.9281018138999997 0.1952960130780000
0.0437189114895000 36.3865660157999997 0.1272142925290000
0.0449766726113000 36.5503954157999971 0.1083425472250000
0.0452950000000000 36.6402721756000034 0.1649812486440000
0.0469673346156000 36.4944134464999976 0.1103091421720000
0.0483921953954000 36.6858343824000031 0.1192156282140000
0.0488180000000000 36.3820107761000031 0.1602992650660000
0.0489480000000000 36.7315973987000035 0.1725476187310000
0.0491000000000000 36.7301358821000008 0.1758432231640000
0.0499220000000000 36.5669734705999971 0.1623038196270000
0.0500430000000000 36.6823679154000004 0.1668288514130000
0.0522000000000000 36.6743146093999997 0.1891178030030000
0.0529260000000000 36.8176912544999979 0.1557559148000000
0.0537100000000000 36.4764384949000018 0.2217002605520000
0.0544000000000000 36.9544354104999968 0.0860953525286000
0.0546000000000000 36.6095585146000033 0.1766551810890000
0.0566833670752000 36.9636230671000021 0.1100709379390000
0.0576000000000000 37.0802566571000014 0.1618526722210000
0.0583000000000000 37.0582881493999992 0.1680896813800000
0.0583000000000000 37.0326301671000024 0.2062566693690000
0.0589000000000000 37.1116475131000030 0.1656823507800000
0.0618357646938000 37.1309944806000019 0.1156800713420000
0.0626680000000000 37.4834093504999970 0.1560994347390000
0.0638640836964000 37.3159416120999978 0.1196149651620000
0.0643000000000000 37.1755022178999965 0.1660080100740000
0.0651000000000000 37.3066907975999982 0.1628085843380000
0.0664403123402000 37.3721050548000022 0.1175824014000000
0.0684000000000000 37.7311969845000021 0.1705916431320000
0.0688000000000000 37.4866356465999999 0.1980258087690000
0.0690000000000000 37.5660479780000003 0.1761636398950000
0.0700860000000000 37.4467365423999965 0.1584669344330000
0.0746050000000000 37.5881157565000024 0.1597708645600000
0.0753501119815000 37.5800899167999987 0.1022746729690000
0.0784000000000000 37.6822404533999986 0.0872168046336000
0.0785770000000000 37.4881622607000011 0.1556356561850000
0.0800481440021000 37.6857093352999968 0.1019684921440000
0.0843000000000000 38.0518311208000029 0.2002536452270000
0.0856894593607000 37.9974134061000015 0.1163652800480000
0.0856961170652000 37.9937917107000018 0.1179712378720000
0.0858546441437000 37.9524441212000028 0.1125898532880000
0.0875890000000000 38.2290570493999979 0.1877456792720000
0.0890194292939000 37.8284529286000009 0.1174327054460000
0.0929368181997000 38.1458300403999999 0.1189503559540000
0.0931494026855000 38.2809137249999978 0.1144538300190000
0.0939086318905000 38.1728205141000032 0.1179529061160000
0.1009150000000000 38.4567455954000010 0.1673334816770000
0.1027150339350000 38.4872595888000006 0.1198925084210000
0.1067123401030000 38.6366669013000035 0.1176214292850000
0.1086382655240000 38.6505001979000014 0.1194896548570000
0.1130426446370000 38.5514541276000031 0.1192374377170000
0.1147126208700000 38.6690951160000012 0.1133723284280000
0.1163485025990000 38.7461381650999996 0.1122961171350000
0.1172773628890000 38.7459338247999980 0.1137025961540000
0.1176253287640000 38.5794185080999981 0.1136099628360000
0.1196715380060000 38.7555381178000005 0.1107400336340000
0.1228288999700000 38.7997897007999981 0.1210654391300000
0.1241000000000000 38.8220333957999983 0.1116142465620000
0.1242735287720000 38.7199869009999986 0.1111348588760000
0.1244000000000000 39.0447885111999966 0.1642686875050000
0.1264731619010000 38.7104691760999984 0.1192007946490000
0.1266879890900000 38.9152084321999965 0.1239373080710000
0.1287267354670000 38.8642253068000016 0.1095133402570000
0.1292782066340000 38.9180009489000014 0.1344026156260000
0.1299000000000000 38.9791854690000008 0.1294449515500000
0.1417879991260000 39.2738113329000029 0.1195219826930000
0.1424046524000000 39.1164772511000010 0.1136611939860000
0.1437059070000000 39.1857706544000024 0.1163119675470000
0.1441000000000000 38.8360422984999971 0.1567774918350000
0.1446210859720000 39.2908297729999987 0.1127270244870000
0.1456685472610000 39.0567157030000018 0.1257501262490000
0.1462902960680000 39.5590095487999989 0.1202487354740000
0.1470251382680000 39.3035839667999980 0.1116572967380000
0.1518578946650000 39.1557883589999989 0.1138473119380000
0.1546320972390000 39.3239502294999994 0.1120473936670000
0.1552473282210000 39.3173204058999985 0.1154157558650000
0.1561000000000000 39.2292540222000028 0.0841441236726000
0.1590000000000000 39.4163640952999970 0.2426280078120000
0.1598899377480000 39.3505845262000022 0.1147470577690000
0.1608618546360000 39.3191758891999967 0.1186448998100000
0.1637958949870000 39.3945630608000030 0.1131348723070000
0.1706283967490000 39.4749001160000006 0.1163766252670000
0.1720000000000000 39.3022260063000033 0.4297091206350000
0.1727422305560000 39.5029361420999976 0.1134580159160000
0.1739100565660000 39.5319411052999996 0.1289677758150000
0.1776006949770000 40.0706758509999972 0.1248141550300000
0.1780000000000000 39.4547908210000031 0.2357460480950000
0.1796856407700000 39.7209599450999988 0.1169848803420000
0.1800000000000000 40.1895173161000017 0.4454475608670000
0.1801197799680000 39.6385777034999975 0.1155602547180000
0.1810000000000000 39.6828885171999985 0.2270885143540000
0.1822182395600000 39.5938188438000012 0.1193344637040000
0.1825489133970000 39.7840215634000032 0.1140831369740000
0.1835684048770000 39.7107958033000017 0.1237757347420000
0.1858124467100000 39.8240975844000005 0.1206677574810000
0.1860000000000000 39.7121679254000028 0.1890431394870000
0.1888531753870000 39.7920374862000017 0.1197418605050000
0.1897065669510000 39.9395625108999965 0.1196827922290000
0.1921499800440000 40.0392178781999988 0.1210874432020000
0.1943165121420000 39.9615200415000018 0.1263738449230000
0.1967160685790000 39.9244173786999994 0.1349831535980000
0.2006117199280000 39.8523918218999995 0.1328673643840000
0.2026086798970000 39.9677592553999972 0.1288073311270000
0.2049796853490000 40.0245002345999978 0.1235269429370000
0.2050000000000000 39.9037694347000027 0.2172720037850000
0.2109383950610000 39.9839377340000013 0.1208187705770000
0.2115869815000000 40.5603236923999972 0.1593247338850000
0.2116295984930000 39.9801047508999972 0.1152351807150000
0.2125487650940000 40.0875932773000017 0.1315769628100000
0.2130000000000000 40.1090412029999968 0.2233526109500000
0.2145682586580000 40.2018496658999993 0.1169874457800000
0.2150000000000000 40.3780576731999972 0.1939339977670000
0.2155433209530000 40.2965294235999991 0.1402076573420000
0.2160000000000000 40.4049089433000006 0.2152117747700000
0.2160000000000000 40.5560465984999965 0.2440998606550000
0.2165828219540000 40.3602717030999969 0.1524798389330000
0.2180000000000000 40.0754074211999978 0.2222227378230000
0.2183474454030000 40.2208498377000012 0.1244215029530000
0.2185851890410000 40.1990974567000023 0.1171139509530000
0.2285284738810000 40.2544336385999983 0.1220113713200000
0.2327811071820000 40.2045290902999994 0.1517883678400000
0.2390000000000000 40.2591287799000028 0.2041679296750000
0.2400000000000000 40.7421915815000020 0.4028441598730000
0.2425046804760000 40.1304465536999970 0.1509150566630000
0.2443788767970000 40.2019303937999979 0.1243099006980000
0.2485081306760000 40.2721746838000030 0.1256455893280000
0.2486000000000000 40.6111853429000007 0.1545159553850000
0.2495110547920000 40.7809243327999980 0.1323230474660000
0.2506676311100000 40.7456030263999978 0.1209709596610000
0.2517401864240000 40.5417217598999997 0.1184401106820000
0.2524860600290000 40.5184210800999978 0.1450501956690000
0.2554906200220000 40.4859446261000002 0.1509673732780000
0.2564757427250000 40.6108439002999972 0.1562862253910000
0.2574978882970000 40.5941645934999968 0.1313935913190000
0.2577403035090000 40.6514783957000034 0.1358910557810000
0.2580282705620000 40.6446788666999979 0.1371084987820000
0.2600000000000000 40.8233657708999971 0.1998517359710000
0.2605334769530000 40.8081341413000018 0.1482793488570000
0.2605861083170000 40.5231676777000018 0.1415950518030000
0.2630000000000000 40.6346721186000011 0.1345678328450000
0.2634910265920000 40.7673226085000024 0.1272930801390000
0.2636479506420000 40.5481756685000008 0.1398236203660000
0.2657624795180000 40.4981499216999978 0.1248039422420000
0.2660000000000000 40.3907073912000030 0.2502271671940000
0.2690000000000000 40.7761617314999967 0.2564006385300000
0.2704344428270000 40.6689838360000024 0.1454779288240000
0.2710000000000000 40.5323020705000019 0.2152670006900000
0.2734547688840000 40.7271582441000035 0.1636682709480000
0.2740000000000000 40.7246506476000008 0.2086709205730000
0.2754401974350000 40.7433918019999979 0.1429416158210000
0.2778534226190000 40.8380084515000021 0.1689942075160000
0.2780000000000000 40.5662405695000032 0.1984529878130000
0.2789246763280000 40.7678297654999966 0.1301570441830000
0.2794547326100000 40.5012843665000020 0.1387247329090000
0.2840000000000000 40.8353825837999977 0.2066160213040000
0.2850000000000000 40.8542434728000003 0.1365941302760000
0.2860000000000000 41.2111308436999977 0.2581446210200000
0.2866187065220000 41.0384076468000032 0.1338002756460000
0.2884183445850000 40.8427853586999987 0.1495987821190000
0.2912000000000000 40.8390642775000003 0.1466245031780000
0.2924697560820000 40.9190486540000009 0.1414006265420000
0.2955855500630000 41.1370597017999984 0.2150648762190000
0.2975188335610000 40.7722050136000007 0.2051858269170000
0.2984092736300000 41.0624002336000018 0.2158185964700000
0.2987774440880000 41.0293579817999969 0.1545369358150000
0.3000000000000000 40.9627951522000018 0.3148655719120000
0.3003126958020000 40.8468481928000031 0.1515009861300000
0.3017550295350000 41.4938104959000000 0.2467614809430000
0.3020000000000000 41.3107982848000006 0.2723465502740000
0.3024016210800000 41.0332000980000018 0.1349101161350000
0.3085808660710000 40.9076217053000022 0.1776527825890000
0.3090000000000000 41.1737957090999984 0.2358238759510000
0.3090000000000000 40.8607746451000011 0.2148632564770000
0.3094926454110000 41.0181924732000027 0.1349601714980000
0.3095473371580000 41.1925567238000028 0.1540123328030000
0.3128833641580000 41.0144487771000001 0.1395065141740000
0.3140000000000000 41.2319680355000031 0.2423638936830000
0.3164298446950000 41.3950733806000031 0.1928661222480000
0.3200000000000000 41.2446034515999997 0.4209981132760000
0.3204469888610000 41.1027851349999978 0.1343803111670000
0.3263964832030000 40.9723041760000015 0.1443880658330000
0.3290000000000000 41.3402567282000035 0.2698074014110000
0.3305124486830000 41.2279390018000029 0.1567236830340000
0.3306346283300000 41.0522598891000001 0.1526993394480000
0.3310000000000000 41.0784700501000017 0.1377047665690000
0.3320000000000000 41.2554783013000019 0.2399032762690000
0.3373000000000000 41.2944909520999985 0.1372405889720000
0.3388026091340000 41.3053718800999974 0.1709083679460000
0.3396000000000000 41.0839733838000001 0.2265279412110000
0.3400000000000000 41.2131787727999992 0.2281907701730000
0.3400000000000000 41.0800432545999996 0.2311939882990000
0.3402000000000000 41.3280915277999981 0.1355461973440000
0.3410000000000000 40.9915138592999995 0.2245043199990000
0.3420000000000000 41.3845981767999973 0.2148103206700000
0.3440000000000000 41.1728711165999997 0.2097728390360000
0.3460000000000000 41.3646268614999997 0.1522132464500000
0.3480000000000000 41.5896262003000032 0.2174253024850000
0.3483450208350000 41.3077915312000030 0.2177748890610000
0.3485838575440000 41.3009410359000029 0.1773718878710000
0.3520000000000000 41.4237793519999968 0.2241915408420000
0.3550000000000000 41.3423115754999984 0.2014684340200000
0.3570000000000000 41.4255279640999987 0.1377214765330000
0.3575073570320000 41.3288394045000018 0.2025876824930000
0.3578000000000000 41.4349095934000005 0.1360961518680000
0.3600342119890000 41.1573004358999981 0.1750481865240000
0.3619343088320000 41.3844533517000031 0.1664419149840000
0.3630000000000000 41.5519756859999987 0.2081732970910000
0.3666028987890000 41.8598572351000016 0.1984044295560000
0.3680000000000000 41.4676952371999974 0.2071809669020000
0.3690000000000000 41.6340230153999968 0.1526441218850000
0.3709000000000000 41.6692043983000033 0.1548340060450000
0.3740000000000000 43.1851146803999981 0.9231987137140000
0.3789658020390000 41.5814889023000021 0.1970940076820000
0.3796622935750000 41.4330618931999979 0.1472197402990000
0.3800000000000000 42.0631765340000001 0.3278331144220000
0.3803594873360000 41.6574986589999980 0.2179105276310000
0.3804165142860000 41.2723405298999992 0.1985584343940000
0.3830000000000000 41.6420339037999980 0.2510101748030000
0.3872971074650000 41.8924653292000002 0.1864298661900000
0.3880000000000000 42.2076140365999990 0.4650178272840000
0.3892887876880000 41.6026284288999975 0.2008675757880000
0.3915992134410000 41.5087271021999982 0.1715643158950000
0.3939744782720000 41.7811534223000010 0.1507073196220000
0.3965000000000000 41.4879207896999986 0.2023749990570000
0.3990000000000000 41.4880817605999965 0.2929522120360000
0.3996013349760000 41.7288003127000025 0.2051324337480000
0.4000000000000000 42.3127671586000034 0.4775890209660000
0.4010000000000000 41.6954244654000021 0.2293087223150000
0.4010000000000000 41.9356323131000011 0.3328387431950000
0.4010000000000000 42.5546203601999977 0.3698939823620000
0.4024596192160000 41.9111467577999974 0.2112784939940000
0.4083190921640000 41.8402935260000035 0.2063696185110000
0.4100000000000000 41.3474933282999970 0.2569811421480000
0.4120000000000000 41.4237121884000032 0.3120563816760000
0.4150000000000000 41.8767704643000016 0.1410937028050000
0.4160000000000000 42.4236170407000017 0.5563423330920000
0.4160000000000000 41.5575369466999973 0.3032521219430000
0.4209268211030000 42.1335480048999997 0.2023210013110000
0.4210000000000000 42.1360316298000015 0.3220049552450000
0.4210000000000000 42.1796277537999984 0.2337735073590000
0.4220000000000000 41.7283094575999982 0.2307138458580000
0.4230000000000000 41.5655258816000028 0.2435790006270000
0.4250000000000000 41.2021312227999985 0.4891490827770000
0.4260000000000000 41.7615774795999997 0.2249206710500000
0.4290000000000000 41.8900388122999985 0.2154713896890000
0.4300000000000000 42.1841242053000016 0.1481710584290000
0.4300000000000000 41.8109207972999997 0.1510821433200000
0.4300000000000000 41.8019360973000005 0.4588049906540000
0.4300000000000000 42.3985415069000027 0.4583278739770000
0.4300000000000000 41.3188581714999970 0.3578276260620000
0.4300000000000000 41.7661368294999988 0.6083289164240000
0.4360000000000000 41.8800161997000018 0.2165339471300000
0.4360000000000000 41.9257693002000025 0.2282627599270000
0.4400000000000000 42.0106475330999984 0.1074848076660000
0.4400000000000000 42.0495332735999980 0.3197948789080000
0.4490000000000000 42.0230683496000026 0.1570630207340000
0.4500000000000000 42.2709731767999983 0.5899478867890000
0.4500000000000000 41.8319918494999996 0.4537019628450000
0.4500000000000000 42.4024477254000018 0.5082906177680000
0.4510000000000000 41.7966744145000035 0.1430558218940000
0.4530000000000000 42.8212084764999972 0.5249129518460000
0.4550000000000000 42.3239322721000022 0.2296275400130000
0.4600000000000000 42.1484496113000020 0.2100954977230000
0.4607000000000000 42.0716665463000012 0.1812624554900000
0.4627000000000000 42.0422849962000029 0.1475688016200000
0.4630000000000000 41.9477537539999972 0.2664644537600000
0.4650000000000000 41.8251633017000017 0.6000306362320000
0.4680000000000000 42.5489037370999981 0.1639147706000000
0.4690000000000000 42.3544812112000031 0.2831524058100000
0.4700000000000000 42.1345594857999970 0.1532396017200000
0.4720000000000000 41.9691632564000017 0.5144728504250000
0.4750000000000000 42.1048814027999967 0.2559583166460000
0.4770000000000000 42.0543351553999969 0.1835999338910000
0.4790000000000000 42.3517577625000001 0.3581362997920000
0.4800000000000000 42.1599485926000028 0.5214204225710000
0.4900000000000000 41.7874349383000023 0.4464845059470000
0.4930000000000000 42.1469146694999992 0.2639575465000000
0.4950000000000000 42.1189081537999996 0.4436534731080000
0.4950000000000000 42.2486633668999971 0.2323479659630000
0.4960000000000000 42.2146760287999996 0.1528145398410000
0.4970000000000000 42.3245530903000002 0.1679801942860000
0.4970000000000000 42.0757738153999981 0.2216377128560000
0.4980000000000000 42.9837202371000018 0.6424065041170000
0.5000000000000000 42.3630032622999977 0.3173371668010000
0.5043000000000000 42.3382006953000030 0.1495775074750000
0.5080000000000000 42.1942707318999979 0.2317672028060000
0.5100000000000000 41.8806853688000018 0.2267624618250000
0.5110000000000000 42.3736604668999988 0.0890617545983000
0.5140000000000000 42.7861936213000007 0.4937359110430000
0.5190000000000000 43.0715097140000012 0.3144624911840000
0.5210000000000000 42.3782445565000003 0.1993321554480000
0.5210000000000000 42.1801294520999974 0.1609968030830000
0.5220000000000000 42.6773303466000016 0.2471508688400000
0.5260000000000000 42.4002106794999989 0.1669430972300000
0.5260000000000000 41.9560808597999966 0.5136791854830000
0.5280000000000000 42.3696918413999981 0.3026541514430000
0.5280000000000000 42.4543495692999997 0.2442906752900000
0.5320000000000000 42.5658156595999984 0.1666510532170000
0.5390000000000000 42.2266632083999980 0.2417978163520000
0.5400000000000000 42.5111635186000001 0.2829454418340000
0.5400000000000000 42.4246212672000027 0.1115518809190000
0.5430000000000000 42.4788058505999970 0.0981414342081000
0.5480000000000000 42.2962985563000018 0.1883708934100000
0.5500000000000000 44.3434675429000009 1.0068121804100001
0.5500000000000000 42.2756470464000031 0.1552046415500000
0.5516000000000000 42.3031837333000027 0.1492548727790000
0.5520000000000000 42.5109342761000022 0.1034145029540000
0.5570000000000001 42.5570112026999965 0.1574560311520000
0.5610000000000001 42.8719504016999977 0.3065219086850000
0.5620000000000001 43.0505225945000021 0.3332154415600000
0.5639999999999999 42.3728917485999972 0.2920224006720000
0.5679999999999999 42.7092496229000034 0.2895468967840000
0.5700000000000000 42.4891103591000032 0.3889526331730000
0.5700000000000000 42.6714667123999973 0.4703820885690000
0.5710000000000000 42.3991620660999970 0.1742239636180000
0.5790000000000000 43.1863633441999966 0.6432978066250000
0.5800000000000000 43.3051250139000032 0.5199622512520000
0.5810000000000000 42.7423233406000023 0.1554625178430000
0.5810000000000000 42.0634232780000019 0.5050339603680000
0.5810000000000000 43.6686797670000004 0.3912369302440000
0.5817000000000000 42.6720406073999996 0.1598033691470000
0.5820000000000000 43.1639102561999977 0.3252079177440000
0.5830000000000000 42.4011253659000005 0.2864839304800000
0.5910000000000000 43.2091059676999976 0.3060061124190000
0.5920000000000000 42.5773227617999979 0.1723940471680000
0.5920000000000000 44.1523548255999998 0.7179634930040000
0.5990000000000000 42.7434648961000008 0.3821651124550000
0.6030000000000000 42.6462047066999972 0.2786289026760000
0.6040000000000000 42.5269764809999984 0.1596870496900000
0.6100000000000000 42.9049657119999992 0.1562482533220000
0.6120000000000000 42.8139409440000023 0.2830234148910000
0.6130000000000000 42.6167095942000032 0.2602144696730000
0.6130000000000000 42.9937246635999983 0.1650967204190000
0.6150000000000000 42.5426366080000022 0.5562227434290000
0.6190000000000000 43.0560186370000011 0.2478224819560000
0.6200000000000000 43.0092526047000021 0.1695646858240000
0.6200000000000000 43.2279620233000017 0.3903446630660000
0.6230000000000000 42.5145239973000031 0.2414281349770000
0.6268000000000000 42.7586126153999970 0.1572278049780000
0.6310000000000000 42.3773831208999994 0.2449741231670000
0.6310000000000000 42.8818252932999968 0.2343696696250000
0.6330000000000000 43.0498635301999997 0.1699571377270000
0.6330000000000000 42.2016724826999976 0.2598778533060000
0.6400000000000000 43.1643806937999983 0.1937490166440000
0.6400000000000000 42.7642472749000007 0.1888093774300000
0.6400000000000000 42.9242754336999965 0.2801143322690000
0.6430000000000000 43.0112669876999973 0.1663697717530000
0.6450000000000000 42.8169731662000004 0.2342731297470000
0.6550000000000000 42.3150852481999991 0.4970816247430000
0.6560000000000000 43.1448591058999966 0.6272025057660000
0.6570000000000000 42.9752487172999977 0.6587284814350000
0.6700000000000000 43.1432095537999984 0.2096542854260000
0.6710000000000000 42.9820070011000013 0.1205455275800000
0.6790000000000000 43.4574063402000021 0.1959690773090000
0.6800000000000000 42.9040344576999999 0.2909519263670000
0.6870000000000001 42.8348351217000030 0.2725377823930000
0.6870000000000001 42.9963850784999977 0.2851887985340000
0.6879999999999999 43.0539860347000030 0.1657772652580000
0.6909999999999999 43.0887669301000003 0.2538422449220000
0.6950000000000000 43.2117042607000030 0.2054491943900000
0.6980000000000000 43.7687286860000029 0.4334802179750000
0.7070000000000000 43.2824256200999997 0.2562539164550000
0.7100000000000000 43.0220388098000015 0.1842809546780000
0.7110000000000000 43.5665495646000025 0.3667251810410000
0.7210000000000000 43.1756783825000028 0.1871798523770000
0.7300000000000000 43.2769955199999998 0.1948940524130000
0.7350000000000000 43.0918403533000003 0.2005758094390000
0.7400000000000000 43.2875467037999968 0.1984024870670000
0.7410000000000000 43.7172522874000009 0.2232868596780000
0.7500000000000000 43.2429986869999965 0.1383184576370000
0.7520000000000000 43.3018298803999997 0.2070714365020000
0.7560000000000000 43.8139921904000005 0.1927759553310000
0.7630000000000000 44.4724245941999996 0.8981631214170001
0.7720000000000000 43.5099938278999971 0.2188347700250000
0.7800000000000000 43.6008071703000013 0.1713188333050000
0.7810000000000000 43.4372295515000033 0.3213486842130000
0.7910000000000000 43.5768811196999977 0.2013436791610000
0.7990000000000000 43.3788294005999973 0.2331742281340000
0.8000000000000000 43.7140601052999997 0.2151652440470000
0.8100000000000001 43.3698924946000020 0.2126856921890000
0.8110000000000001 43.4045360216000020 0.2106195264410000
0.8120000000000001 43.6535732761999995 0.3790163419370000
0.8149999999999999 44.0744016006999999 0.7289217302860000
0.8159999999999999 43.6910828816000034 0.4578634218230000
0.8169999999999999 43.6515637361000017 0.2102868635720000
0.8179999999999999 43.3928941721000001 0.2675588057400000
0.8210000000000000 43.6409387867999996 0.1940135919720000
0.8218000000000000 43.8153639621000011 0.2132069839500000
0.8300000000000000 44.0506599335000004 0.2088353559560000
0.8300000000000000 43.5424034365999972 0.4710468427720000
0.8330000000000000 43.6880978478000017 0.5209132459169999
0.8390000000000000 43.3980657237000003 0.2221241474440000
0.8400000000000000 43.5143043773000002 0.2086970532430000
0.8400000000000000 43.8731031943000005 0.2223485022820000
0.8500000000000000 43.4942573455000030 0.1717964306550000
0.8540000000000000 43.6084642861000020 0.2255699058380000
0.8590000000000000 44.0929026019000005 0.2969650450860000
0.8600000000000000 43.9216606702999997 0.1724119651670000
0.8680000000000000 43.4932874061000021 0.2460951652600000
0.8700000000000000 44.2313042047000025 0.2788172903760000
0.8740000000000000 43.2953792409999991 0.3880893031570000
0.8820000000000000 43.3750389271000003 0.5839871194650000
0.8850000000000000 44.1843333062999974 0.2862301840510000
0.9050000000000000 43.6387400062000026 0.2574675474100000
0.9100000000000000 44.3055164230000003 0.2672410494230000
0.9271000000000000 43.9404978712000016 0.2867075545060000
0.9300000000000000 43.5524295781999982 0.2899183790660000
0.9350000000000001 43.5401972359000027 0.2276165383580000
0.9360000000000001 43.3071058634999986 0.7059813997410000
0.9490000000000000 43.4449098532000022 0.2846307831310000
0.9500000000000000 43.9766075065999971 0.2912437688470000
0.9500000000000000 43.6383176074999994 0.2977547107050000
0.9500000000000000 43.8841502940000012 0.2358451244170000
0.9530000000000000 44.2736202266999967 0.9547174410180000
0.9600000000000000 43.6132116081999968 0.2755146313810000
0.9610000000000000 44.2642016168000012 0.3400565606860000
0.9700000000000000 44.4626016973999967 0.2914544560470000
0.9700000000000000 42.8212038324999966 0.8052103027820000
0.9740000000000000 43.8341432563999973 0.1742389403370000
0.9750000000000000 44.3337254974000032 0.2127806031200000
0.9780000000000000 43.5000721647000006 0.2926473018090000
0.9830000000000000 44.1572843670999973 0.4349976410700000
1.0100000000000000 44.9121378293000006 0.3337486169900000
1.0100000000000000 44.0124745362000027 0.3756724171430000
1.0169999999999999 44.2939707709000032 0.1710461543220000
1.0200000000000000 44.3629247026999991 0.2209637620650000
1.0200000000000000 44.1640655276000018 0.2323395273780000
1.0300000000000000 44.2400933572000028 0.1412542026010000
1.0569999999999999 44.1506301001000026 0.2385846852350000
1.0920000000000001 44.0078477189000026 0.2465118646330000
1.1100000000000001 44.6253358522999974 0.4478326327950000
1.1200000000000001 44.5144054870999994 0.2240790945470000
1.1240000000000001 44.5675191814000016 0.1972630476210000
1.1399999999999999 44.1969521333000017 0.3684032938030000
1.1399999999999999 44.3229570929999994 0.2287010295420000
1.1879999999999999 44.6076425497999978 0.5005449492910000
1.1899999999999999 44.3628316562000009 0.2471081137420000
1.1919999999999999 44.4587515999999994 0.2002580719020000
1.2150000000000001 45.2465209495000025 0.5603174451510000
1.2300000000000000 45.0206757228000001 0.2350284005640000
1.2410000000000001 44.5817029608000013 0.4783710531960000
1.2649999999999999 44.9441108409999970 0.2354699597160000
1.3000000000000000 45.0162581016000019 0.2427191678210000
1.3049999999999999 44.7401693280000003 0.2595401150100000
1.3069999999999999 45.4107441085999994 0.3146967095680000
1.3149999999999999 44.9713577743999977 0.1875088393670000
1.3400000000000001 45.0675055812999972 0.2750150931270000
1.3500000000000001 44.8270654770999997 0.1857054120750000
1.3700000000000001 45.0497133490000010 0.2627484495290000
1.3899999999999999 44.8762343403000017 0.2506319651850000
1.4139999999999999 44.8037661386999986 0.3461814832520000
